5514239394705535806
1159743280325603344
3766959821991541308
1090364391714974960
8680962027876648448
11747374710370273279
1155111490846716927
18374686479697019391
74591972787686399
18374969058471789567
9171888573936328896
16645696090879819647
9494122295972442047
13892732916023228664
14101250885114390503
18439955594359326590
8102002221945486396
8682657442505842724
18374659987907006302
4395168882200375084
14087436565301342455
18443297660984226815
14087544421199048687
4536249689842860363
3446417024490496
4330279478230779904
14382550095331695079
3463837897629089720
17866329429299528639
16710575372860909551
4548569385614235902
18357094849855080423
16208702314821713919
18428605995206966783
18429716523422687128
16196355186896379903
8935638519221700156
13801144459922475007
4359185242878475836
2233419842650898296
2242545237251006271
18441997486324430847
3969678091724375015
18409353124069631999
11169243949770985471
1160871515885804544
16411540083009778687
67066985734144
16700334237926286335
16681764788023386595
4629929973405710211
9335990473460222951
4548088402103598204
4548396081024548671
2238024097313267487
6517348930756173408
4557362447436038015
13591479535686426366
54316969628319744
18412688906530562047
18410998434338406909
4340482947636213248
218982529308524795
18127271078974820859
13509587321293572110
18438265605898494463
18411274655529173246
17853328326098355079
18414971604372467199
17285914777453003655
8584708902864502591
17938085537059660799
17944904441895583743
9135135685437775708
649366082876554111
2025525951913205511
2097847299388409605
2916484758100453888
1130306615780632584
16782920098434252777
9549759658105773887
8987376716971473405
13889525117829857023
13813529119927816167
124435624176
3815366817550388796
4392385056869924668
2179407726785760256
4673714139007106876
873415196997985792
10369476311147264254
9180560926600920127
18429789336003279359
17361641274208350960
11502078674943777950
1168817139884757008
2161869654866264094
576460825065224416
18430928180941942735
3480289648603562032
14394284923763605696
1085154748228568832
16709737734445936623
872606646868474467
17732369952276482
7961937964437404676
799177310148492273
54255396960796160
11520207785891496320
17568807081428967552
882212113580083344
9216550459534343295
17863318764662155263
288445622327934524
18418318429787770879
17363831742862785788
18139137570066917351
8718059328076959455
77408981820100188
17935643774765291544
18360839571807635399
17352497444175015036
18429718994205532919
604617183493878015
4543867106928561935
1785928974798615029
18443335466896949507
199553547610157056
8104312181077376252
1089623767474177920
18400304031606767551
18347368022458932990
3509498438074249264
17147389351806881791
18446740779495047167
11169225052019220479
14684831626828383488
54308172862243042
18154445045061253631
172895175633403904
8970181430038248508
35324014486322737
9331948525518133719
17276232038794494463
9037894892303236479
13578178826647840492
4485090570372265743
8970113719252975224
3491120890328349752
9114789199728738818
14409240239396747263
16928450353008476159
17770930383004067647
6782882919874560
4512325349551404152
291621304574688316
289360691487054908
16426870792190673919
18442213497463649852
6856677587117342976
9908908206015612807
18229420037435875552
18195922263775158465
11495371543492626191
18159893051939746802
4548370705896501231
9184901641717644351
18443350722707188216
16207267345187534069
18425265671093036031
17361628221782724367
2026162297501520896
17143740076959188871
4340410370284593248
17564533059645198215
9260253563149217791
13898918660151758558
31053657675776
2238576021417697055
18444227304479522815
1657669896533262143
9169532220794810383
9165670770452561791
1086208623655809120
6917802793100718975
1085120805657878431
4575515861946670851
9264098740979446027
1085102575325224959
220446855183441815
18444478813233020159
12713855744093338655
4340402540070780687
17940367261875575856
9293459271477689400
16208167219802980480
18226340890284824824
9263622423884595200
13975188686629214103
508639637167669633
18428661027677740031
17365574240157531120
9182634035896467811
71776119061167616
1201761911019520
5726459831428054780
17437681843415091225
18410714397031284408
9441779026260386272
9169064748342428097
2242545289259847431
16709674251465469903
18372445243661599711
18229599331988332768
16420583300501315567
2304026598973440
16713386809597857695
17708401690930552831
34628108288000
17717372598180356063
2242528300450660111
18446607338122209087
7205750487238549297
13226965586502189827
18229723364262724800
18446469325163956223
17573500503639195647
18430844841828282367
18446716723906211839
18446742980648879103
13303245988737843264
9276567435446075124
18429715941450417151
18439922444864284655
63328541033396348
17253131221203889967
11231996932094
1085102592436866308
18213934411988922616
508633009814966031
17278033513068855554
16916619711963263216
576469738390027935
9268672985345081536
224933689925963203
9115020727924318078
17997932788158767103
17433646919520853983
9313304947687677951
13810219545432395711
2034562963028606012
1745760686157283135
1673422824095563583
4555178968088066110
2238010851565176591
14397946193517208515
9151310601215999550
18300658625742894983
17941488728448497919
9113137331048438876
4331403173177540159
9187201674361974841
9457824169665130736
508730284120674063
9114791132897623608
18156675350237150207
13889326167775559872
17361656314043625696
86123647634243583
15635651309099335768
17420347226907992063
18374123529718267646
16111491896634802400
17942624045313802239
11533171149171048383
449867105546698496
33912237082991616
1015288002790756125
2053500173422427934
179888105967288066
216470798001323265
31648553028875249
9187135462320834367
217166257559242691
18446706728030969072
14349355733785115901
14956319953668655491
9274925990600896
14385349346431991037
1221384808075358838
18438723709855458303
17976539288620834079
13905137594485194620
9049075421218306
1085102592572601388
18415095249440329727
7477035190384584703
16184387823554007056
1764421734251892752
3706596046260398003
17941199587746250751
3526583357271900159
18230289747618497544
1081835050380296191
9275373098655324415
71209857637481496
18443269073679939583
9765923609083578247
18408798832506764799
18298653052156047615
18446611589061672959
18383415502502363135
18383415502502363135
18383415502502363135
13803254681448943551
4485090717005020392
4554040232230321404
17364894448005349376
4268918209811119356
4070266970107163652
18415086417639624703
18415086417639608319
18415082019592849407
18415082053952600063
18415082019593097215
7853430013598956796
18419598244134225871
16681620544244129791
9073713253056512
3411918247050240
9277627304982863936
9277627304982863936
9277627304982798400
9277627304982798400
9277627313572732992
18374669859222781532
13905964193835704544
16499202083794319608
9404257860024726256
4892028239991996414
4485417308643003400
8718546063583816468
4395231070132576788
4341175250454519356
8702087008450723598
16087851342668179263
3833582842775043
13805683099495139327
13774015537963274175
11429607122688417284
18408770254099530223
9266364024775245920
18221638617805086719
18406228234415775260
18429793760943571008
35183268265360392
3529961091217289336
16682363297585005543
18392274809883982876
4069132997679283768
11459272645072249843
18356605843932644352
17635972741018481151
13898351014995986048
1225888637382068992
4543858258557214527
18320096002280850207
14987979145441644319
18383419913432928191
17357120220337860816
18229723503452499775
18010442336752570303
18229723503453594911
17868022621472759807
4903307477633528256
9160048428523389827
16919543097867272
1089645715026554639
9267296000003586048
18374403779669181632
6324011617208173315
4593391276784821015
17361592930424910064
18401779575886569979
18294118424108986877
67818943393366272
1170652771343305888
3637914665480035870
18446744047432351936
9160074282548559743
18428482770938576703
4548361858253274942
1160256411205888
9187201950431543167
18446531041170895229
18446708406164127743
18383483672465456959
18410609603047178239
4575462607874383807
2260533238840123199
17430766772663873423
18445549735705149951
1737896855599585304
1089609551608545089
18007016145873795071
2089387652603150140
4485037942628568160
17169148673467392
17027584532881920
2529971403672732
13776275004485594344
13801570253625948663
1174537056551911
4548357718778527551
18428704951447817195
1081724944391282463
18418334039716382703
6950029694769496832
2285057616002048
11508930486935871439
17573575580828879327
16682319838473462201
4604868802650526719
18442787901516405759
4067845507564576284
17941495375839369216
508659917529284607
519918500241289063
18281220861322826179
17863254696609945591
4604755819202987007
18383415506800676671
9106671269642599486
17361448039315140606
11498131309063145471
14959014129048795591
16204163117498695420
18429734085539775487
68169711943936
14959015228560488903
17357111553597176048
18419585593215534079
18433100798733943807
1085087139328163711
15680134254350901038
7035671415764992
1085155472618520351
2242651841901825799
450147822476408320
5701375722809171871
18429715941450957823
18442787761489958751
18446713028628773104
18410860149913681863
18446677835682086855
4069277085014910588
4502460403464727672
1891353513821109304
3919191346313088124
4359202947067960376
18446710958990678007
17433981653976478195
18300360526588342497
17866326664136487415
18443359232833223679
17574140454544472571
7153764938988062577
16709414279895171911
53293975353344
18300651833833677299
4607501320194048
4569841429974815
1659338140575235632
16274210932726425313
882563754642841358
16427997783509236208
18424111464383045887
18446681433784222671
18428592790859515847
16183842008463491327
16131844460283102979
9729748951755595583
2971949663126089920
2969874756341208593
2260592690096964355
18376885261466273759
4548374052587577151
18417755516477620223
220534609418323719
1085089363937148735
16712831725409363815
18436404162339520717
17863501430337302511
14394603817218327551
18439962182505983999
18446496748269896131
18446479138903589315
18446743856838984703
18446707854376289279
18446496748269502975
